1 1 1 25 1
1 1 2 25 1
1 1 3 25 1
1 1 4 25 1
1 1 5 25 1
1 2 1 25 1
1 2 2 25 1
1 2 3 25 1
1 2 4 25 1
1 2 5 25 1
2 1 1 25 1
2 1 2 25 1
2 1 3 25 1
2 1 4 25 1
2 1 5 25 1
2 2 1 25 1
2 2 2 25 1
2 2 3 25 1
2 2 4 25 1
2 2 5 25 1
3 1 1 25 1
3 1 2 25 1
3 1 3 25 1
3 1 4 25 1
3 1 5 25 1
3 2 1 25 1
3 2 2 25 1
3 2 3 25 1
3 2 4 25 1
3 2 5 25 1
4 1 1 25 1
4 1 2 25 1
4 1 3 25 1
4 1 4 25 1
4 1 5 25 1
4 2 1 25 1
4 2 2 25 1
4 2 3 25 1
4 2 4 25 1
4 2 5 25 1
5 1 1 25 1
5 1 2 25 1
5 1 3 25 1
5 1 4 25 1
5 1 5 25 1
5 2 1 25 1
5 2 2 25 1
5 2 3 25 1
5 2 4 25 1
5 2 5 25 1
1 1 1 50 1
1 1 2 50 1
1 1 3 50 1
1 1 4 50 1
1 1 5 50 1
1 2 1 50 1
1 2 2 50 1
1 2 3 50 1
1 2 4 50 1
1 2 5 50 1
2 1 1 50 1
2 1 2 50 1
2 1 3 50 1
2 1 4 50 1
2 1 5 50 1
2 2 1 50 1
2 2 2 50 1
2 2 3 50 1
2 2 4 50 1
2 2 5 50 1
3 1 1 50 1
3 1 2 50 1
3 1 3 50 1
3 1 4 50 1
3 1 5 50 1
3 2 1 50 1
3 2 2 50 1
3 2 3 50 1
3 2 4 50 1
3 2 5 50 1
4 1 1 50 1
4 1 2 50 1
4 1 3 50 1
4 1 4 50 1
4 1 5 50 1
4 2 1 50 1
4 2 2 50 1
4 2 3 50 1
4 2 4 50 1
4 2 5 50 1
5 1 1 50 1
5 1 2 50 1
5 1 3 50 1
5 1 4 50 1
5 1 5 50 1
5 2 1 50 1
5 2 2 50 1
5 2 3 50 1
5 2 4 50 1
5 2 5 50 1
1 1 1 100 1
1 1 2 100 1
1 1 3 100 1
1 1 4 100 1
1 1 5 100 1
1 2 1 100 1
1 2 2 100 1
1 2 3 100 1
1 2 4 100 1
1 2 5 100 1
2 1 1 100 1
2 1 2 100 1
2 1 3 100 1
2 1 4 100 1
2 1 5 100 1
2 2 1 100 1
2 2 2 100 1
2 2 3 100 1
2 2 4 100 1
2 2 5 100 1
3 1 1 100 1
3 1 2 100 1
3 1 3 100 1
3 1 4 100 1
3 1 5 100 1
3 2 1 100 1
3 2 2 100 1
3 2 3 100 1
3 2 4 100 1
3 2 5 100 1
4 1 1 100 1
4 1 2 100 1
4 1 3 100 1
4 1 4 100 1
4 1 5 100 1
4 2 1 100 1
4 2 2 100 1
4 2 3 100 1
4 2 4 100 1
4 2 5 100 1
5 1 1 100 1
5 1 2 100 1
5 1 3 100 1
5 1 4 100 1
5 1 5 100 1
5 2 1 100 1
5 2 2 100 1
5 2 3 100 1
5 2 4 100 1
5 2 5 100 1
