1 1 1 10 1
1 1 2 10 1
1 1 3 10 1
1 1 4 10 1
1 1 5 10 1
1 2 1 10 1
1 2 2 10 1
1 2 3 10 1
1 2 4 10 1
1 2 5 10 1
2 1 1 10 1
2 1 2 10 1
2 1 3 10 1
2 1 4 10 1
2 1 5 10 1
2 2 1 10 1
2 2 2 10 1
2 2 3 10 1
2 2 4 10 1
2 2 5 10 1
3 1 1 10 1
3 1 2 10 1
3 1 3 10 1
3 1 4 10 1
3 1 5 10 1
3 2 1 10 1
3 2 2 10 1
3 2 3 10 1
3 2 4 10 1
3 2 5 10 1
4 1 1 10 1
4 1 2 10 1
4 1 3 10 1
4 1 4 10 1
4 1 5 10 1
4 2 1 10 1
4 2 2 10 1
4 2 3 10 1
4 2 4 10 1
4 2 5 10 1
5 1 1 10 1
5 1 2 10 1
5 1 3 10 1
5 1 4 10 1
5 1 5 10 1
5 2 1 10 1
5 2 2 10 1
5 2 3 10 1
5 2 4 10 1
5 2 5 10 1
1 1 1 20 1
1 1 2 20 1
1 1 3 20 1
1 1 4 20 1
1 1 5 20 1
1 2 1 20 1
1 2 2 20 1
1 2 3 20 1
1 2 4 20 1
1 2 5 20 1
2 1 1 20 1
2 1 2 20 1
2 1 3 20 1
2 1 4 20 1
2 1 5 20 1
2 2 1 20 1
2 2 2 20 1
2 2 3 20 1
2 2 4 20 1
2 2 5 20 1
3 1 1 20 1
3 1 2 20 1
3 1 3 20 1
3 1 4 20 1
3 1 5 20 1
3 2 1 20 1
3 2 2 20 1
3 2 3 20 1
3 2 4 20 1
3 2 5 20 1
4 1 1 20 1
4 1 2 20 1
4 1 3 20 1
4 1 4 20 1
4 1 5 20 1
4 2 1 20 1
4 2 2 20 1
4 2 3 20 1
4 2 4 20 1
4 2 5 20 1
5 1 1 20 1
5 1 2 20 1
5 1 3 20 1
5 1 4 20 1
5 1 5 20 1
5 2 1 20 1
5 2 2 20 1
5 2 3 20 1
5 2 4 20 1
5 2 5 20 1
1 1 1 50 1
1 1 2 50 1
1 1 3 50 1
1 1 4 50 1
1 1 5 50 1
1 2 1 50 1
1 2 2 50 1
1 2 3 50 1
1 2 4 50 1
1 2 5 50 1
2 1 1 50 1
2 1 2 50 1
2 1 3 50 1
2 1 4 50 1
2 1 5 50 1
2 2 1 50 1
2 2 2 50 1
2 2 3 50 1
2 2 4 50 1
2 2 5 50 1
3 1 1 50 1
3 1 2 50 1
3 1 3 50 1
3 1 4 50 1
3 1 5 50 1
3 2 1 50 1
3 2 2 50 1
3 2 3 50 1
3 2 4 50 1
3 2 5 50 1
4 1 1 50 1
4 1 2 50 1
4 1 3 50 1
4 1 4 50 1
4 1 5 50 1
4 2 1 50 1
4 2 2 50 1
4 2 3 50 1
4 2 4 50 1
4 2 5 50 1
5 1 1 50 1
5 1 2 50 1
5 1 3 50 1
5 1 4 50 1
5 1 5 50 1
5 2 1 50 1
5 2 2 50 1
5 2 3 50 1
5 2 4 50 1
5 2 5 50 1
1 1 1 100 1
1 1 2 100 1
1 1 3 100 1
1 1 4 100 1
1 1 5 100 1
1 2 1 100 1
1 2 2 100 1
1 2 3 100 1
1 2 4 100 1
1 2 5 100 1
2 1 1 100 1
2 1 2 100 1
2 1 3 100 1
2 1 4 100 1
2 1 5 100 1
2 2 1 100 1
2 2 2 100 1
2 2 3 100 1
2 2 4 100 1
2 2 5 100 1
3 1 1 100 1
3 1 2 100 1
3 1 3 100 1
3 1 4 100 1
3 1 5 100 1
3 2 1 100 1
3 2 2 100 1
3 2 3 100 1
3 2 4 100 1
3 2 5 100 1
4 1 1 100 1
4 1 2 100 1
4 1 3 100 1
4 1 4 100 1
4 1 5 100 1
4 2 1 100 1
4 2 2 100 1
4 2 3 100 1
4 2 4 100 1
4 2 5 100 1
5 1 1 100 1
5 1 2 100 1
5 1 3 100 1
5 1 4 100 1
5 1 5 100 1
5 2 1 100 1
5 2 2 100 1
5 2 3 100 1
5 2 4 100 1
5 2 5 100 1
